//Example1
0101000010000000011011000
0101000100000000011111000
0010000110001001000000000
1100001000010000100000000
0000101010001001000000000
0001101110001001000000000
1010000000110000000000001



//Example2
0101000010000000000000001
0101000100000000000000010
0010000110001001000000000
0100001000001000000000010
1001000000011000000000000
1001101010000000000000000
0110100000000000000000001



//Example3
0101000010000000000000001
0101000100000000000000010
0110000000001000000000011
0101100110000000000000011